"[0. 0. 0. 0. 0. 0. 0. 0. 0. 0. 0. 0. 0. 0. 0. 0. 0. 0. 0. 0. 0. 0. 0. 0.
 0. 0. 0. 0. 0. 0. 0. 0. 0. 0. 0. 0. 0. 0. 0. 0. 0. 0. 0. 0. 0. 0. 0. 0.
 0. 0. 0. 0. 0. 0. 0. 0. 0. 0. 0. 0. 0. 0. 0. 0. 0. 0. 0. 0. 0. 0. 0. 0.
 0. 0. 0. 0. 0. 0. 0. 0. 0. 0. 0. 0. 0. 0. 0. 0. 0. 0. 0. 0. 0. 0. 0. 0.
 0. 0. 0. 0. 0.]"
"[4.2908000e+04 1.0000000e+00 1.0000000e+00 1.0000000e+00 1.0000000e+00
 1.0000000e+00 1.0000000e+00 1.0000000e+00 1.0000000e+00 1.0000000e+00
 1.0000000e+00 1.0000000e+00 1.0000000e+00 1.0000000e+00 1.0000000e+00
 1.0000000e+00 1.0000000e+00 1.3799639e+09 1.3099374e+09 1.0000000e+00
 1.0000000e+00 1.0000000e+00 3.0000000e+00 3.0000000e+00 7.7000000e+01
 4.0000000e+00 1.0000000e+00 1.0000000e+00 1.0000000e+00 7.4790000e+03
 1.0000000e+00 2.0000000e+00 7.4680000e+03 4.3000000e+01 2.0000000e+00
 9.0000000e+00 0.0000000e+00 1.0000000e+00 1.0000000e+00 1.0000000e+00
 1.0000000e+00 1.0000000e+00 1.0000000e+00 5.1100000e+02 5.1100000e+02
 1.0000000e+00 1.0000000e+00 1.0000000e+00 1.0000000e+00 1.0000000e+00
 1.0000000e+00 1.0000000e+00 2.5500000e+02 2.5500000e+02 1.0000000e+00
 1.0000000e+00 1.0000000e+00 1.0000000e+00 1.0000000e+00 1.0000000e+00
 1.0000000e+00 1.0000000e+00 2.3436000e+04 2.5803000e+04 0.0000000e+00
 7.0079012e+00 7.0079012e+00 1.5296724e+09 4.6988110e+03 6.0979000e+04
 6.0656000e+04 1.5140000e+03 1.0000000e+00 0.0000000e+00 1.5140000e+03
 0.0000000e+00 1.1042700e+05 0.0000000e+00 0.0000000e+00 0.0000000e+00
 0.0000000e+00 0.0000000e+00 0.0000000e+00 0.0000000e+00 0.0000000e+00
 0.0000000e+00 0.0000000e+00 0.0000000e+00 0.0000000e+00 0.0000000e+00
 0.0000000e+00 2.5000000e+01 4.0000000e+02 1.3000000e+01 0.0000000e+00
 0.0000000e+00 0.0000000e+00 2.0000000e+01 9.7000000e+01 1.2800000e+02
 7.6000000e+01]"
