"[0. 0. 0. 0. 0. 0. 0. 0. 0. 0. 0. 0. 0. 0. 0. 0. 0. 0. 0. 0. 0. 0. 0. 0.
 0. 0. 0. 0. 0. 0. 0. 0. 0. 0. 0. 0. 0. 0. 0. 0. 0. 0. 0. 0. 0. 0. 0. 0.
 0. 0. 0. 0. 0. 0.]"
"[4.2908000e+04 1.0000000e+00 1.0000000e+00 1.0000000e+00 1.0000000e+00
 1.0000000e+00 1.0000000e+00 1.0000000e+00 1.0000000e+00 1.0000000e+00
 1.0000000e+00 1.0000000e+00 1.0000000e+00 1.0000000e+00 1.0000000e+00
 1.3799639e+09 1.3099374e+09 1.0000000e+00 3.0000000e+00 3.0000000e+00
 7.7000000e+01 5.0000000e+00 1.0000000e+00 7.4790000e+03 1.0000000e+00
 2.0000000e+00 7.4680000e+03 4.3000000e+01 2.0000000e+00 9.0000000e+00
 0.0000000e+00 1.0000000e+00 1.0000000e+00 5.1100000e+02 5.1100000e+02
 1.0000000e+00 1.0000000e+00 1.0000000e+00 1.0000000e+00 1.0000000e+00
 1.0000000e+00 1.0000000e+00 2.5500000e+02 2.5500000e+02 1.0000000e+00
 1.0000000e+00 1.0000000e+00 1.0000000e+00 1.0000000e+00 1.0000000e+00
 1.0000000e+00 1.0000000e+00 5.1600000e+02 4.9800000e+02]"
